0010101000000110
0010100110000110
0010100000000100
0010100000000100
0010101100000111
0010111111001000
0010110111000110
0011000000100100
0010111100000111
0010111000000110
0011000000100100
0011001011100111
0011100011000101
0011100011001101
0011100011010101
0011100011010101
0011100011010101
0011100011010101
0011100011001101
0011100011001101
0011100011001101
0011100011001101
0011100011001101
0011100011001101
0011100011010101
0011100011001101
0011100011010101
0011100011010101
0011100011010101
0011100011001101
0011100011001101
0011100011010101
0011100011010101
0011100011010101
0011100011001101
0011100011001101
0011100011001101
0011100011010101
0011100011010101
0011100011010101
0011100011010101
0011100011010101
0011100011010101
0011100011001101
0011100011001101
0011100011001101
0011100011001101
0011100011001101
0011100011001101
0011100011001101
0011100011001101
0011100011000101
0011100011000101
0011100011000101
0011100011000101
0011100011000101
0011100011000101
0011100011000101
0011100011000101
0011100011000101
0011100011000101
0011100011000101
0011100011000101
0011100010111101
0011000011100101
0010110000000100
0010101000000110
0010100010000101
0010111101000111
0011000100000101
0010111011000111
0011000001000100
0011000100100101
0011000001100100
0010111011000111
0010111111001000
0011011100010111
0011100011100101
0011100011100101
0011100011100101
0011100011011101
0011100011011101
0011100011011101
0011100011011101
0011100011011101
0011100011011101
0011100011011101
0011100011011101
0011100011011101
0011100011011101
0011100011011101
0011100011011101
0011100011011101
0011100011011101
0011100011011101
0011100011011101
0011100011011101
0011100011011101
0011100011011101
0011100011011101
0011100011011101
0011100011011101
0011100011011101
0011100011011101
0011100011011101
0011100011011101
0011100011011101
0011100011011101
0011100011011101
0011100011011101
0011100011011101
0011100011011101
0011100011011101
0011100011011101
0011100011011101
0011100011010101
0011100011010101
0011100011010101
0011100011010101
0011100011010101
0011100011001101
0011100011001101
0011100011001101
0011100011001101
0011100011010101
0011100011010101
0011100011010101
0011100011001101
0010111010000111
0010100110000110
0010100000000100
0010100000000100
0010110010000101
0010100010000101
0010101110001000
0010110000000100
0010110110000110
0010101100000111
0010110011000101
0011001000000110
0011100010000101
0011100011101101
0011100011101101
0011100011101101
0011100011101101
0011100011101101
0011100011101101
0011100011101101
0011100011101101
0011100011101101
0011100011101101
0011100011101101
0011100011101101
0011100011101101
0011100011101101
0011100011101101
0011100011101101
0011100011100101
0011100011100101
0011100011100101
0011100011100101
0011100011100101
0011100011100101
0011100011101101
0011100011100101
0011100011100101
0011100011100101
0011100011100101
0011100011101101
0011100011100101
0011100011100101
0011100011100101
0011100011100101
0011100011100101
0011100011100101
0011100011100101
0011100011100101
0011100011100101
0011100011100101
0011100011100101
0011100011100101
0011100011100101
0011100011100101
0011100011011101
0011100011011101
0011100011011101
0011100011011101
0011100011011101
0011100011011101
0011100011011101
0011100011011101
0011100011011101
0011000001000100
0010111001000110
0010111000000110
0010101110001000
0010101010000111
0010100010000101
0010011100000111
0010100100000101
0010011000000110
0010100100000101
0010110110000110
0011001000000110
0011011000000110
0011100011111101
0011100011111101
0011100011111101
0011100011111101
0011100011111101
0011100011111101
0011100011111101
0011100011111101
0011100011110101
0011100011110101
0011100011110101
0011100011110101
0011100011110101
0011100011110101
0011100011110101
0011100011110101
0011100011110101
0011100011110101
0011100011110101
0011100011110101
0011100011110101
0011100011110101
0011100011110101
0011100011110101
0011100011110101
0011100011110101
0011100011110101
0011100011110101
0011100011111101
0011100011110101
0011100011110101
0011100011110101
0011100011110101
0011100011110101
0011100011110101
0011100011110101
0011100011110101
0011100011110101
0011100011110101
0011100011110101
0011100011110101
0011100011101101
0011100011101101
0011100011101101
0011100011101101
0011100011101101
0011100011101101
0011100011101101
0011100011101101
0011100011101101
0011100011101101
0010111101000111
0010111000000110
0010111010000111
0010111110001000
0010110100000101
0010110010000101
0010100000000100
0010011000000110
0010011100000111
0010100000000100
0010101010000111
0010111111001000
0011010001010100
0011011100000111
0011100010101101
0011100100000101
0011100100000101
0011100100000101
0011100100000101
0011100100000101
0011100100000101
0011100100000101
0011100100000101
0011100100000101
0011100100000101
0011100100000101
0011100100000101
0011100100000101
0011100100000101
0011100100000101
0011100100000101
0011100100000101
0011100100000101
0011100100000101
0011100100000101
0011100100000101
0011100100000101
0011100100000101
0011100100000101
0011100100000101
0011100100000101
0011100100000101
0011100100000101
0011100100000101
0011100100000101
0011100100000101
0011100100000101
0011100100000101
0011100011111101
0011100011111101
0011100011111101
0011100011111101
0011100011111101
0011100100000101
0011100011111101
0011100011111101
0011100011111101
0011100011111101
0011100011111101
0011100011110101
0011100011110101
0011100011110101
0011100011110101
0011100011111101
0011000001100100
0010110101000101
0010100010000101
0010101100000111
0010101000000110
0010110100000101
0010100110000110
0010100010000101
0010011000000110
0010010000000100
0010100010000101
0010110001000100
0010111010000111
0011010010000101
0011010110000110
0011100010111101
0011100100010101
0011100100010101
0011100100010101
0011100100010101
0011100100010101
0011100100010101
0011100100010101
0011100100010101
0011100100010101
0011100100010101
0011100100010101
0011100100010101
0011100100010101
0011100100010101
0011100100010101
0011100100010101
0011100100010101
0011100100010101
0011100100010101
0011100100010101
0011100100010101
0011100100010101
0011100100010101
0011100100010101
0011100100001101
0011100100001101
0011100100001101
0011100100001101
0011100100001101
0011100100001101
0011100100001101
0011100100001101
0011100100001101
0011100100001101
0011100100001101
0011100100001101
0011100100001101
0011100100010101
0011100100001101
0011100100001101
0011100100001101
0011100100001101
0011100100000101
0011100100000101
0011100100000101
0011100100000101
0011100100000101
0011100100000101
0010111011000111
0010111001000110
0010111101000111
0010110100000101
0010110010000101
0010101010000111
0010100010000101
0010011000000110
0010010100000101
0010010000000100
0010100100000101
0010101110001000
0010111001000110
0011001110101000
0011010011110101
0011011110001000
0011100011011101
0011100011001101
0011100011011101
0011100011001101
0011100100010101
0011100100100101
0011100100100101
0011100100100101
0011100100100101
0011100100100101
0011100100100101
0011100100100101
0011100100100101
0011100100100101
0011100100100101
0011100100100101
0011100100011101
0011100100011101
0011100100011101
0011100100011101
0011100100011101
0011100100011101
0011100100011101
0011100100011101
0011100100011101
0011100100011101
0011100100011101
0011100100011101
0011100100011101
0011100100011101
0011100100011101
0011100100011101
0011100100011101
0011100100011101
0011100100011101
0011100100011101
0011100100011101
0011100100011101
0011100100100101
0011100100011101
0011100100011101
0011100100011101
0011100100011101
0011100100011101
0011100100010101
0011100100010101
0011100100010101
0011100100010101
0010111110001000
0010101110001000
0011000010000101
0011000100100101
0010111001000110
0010111000000110
0010111100000111
0010011000000110
0010011100000111
0010010100000101
0010101110001000
0010101000000110
0011000000100100
0011001111001000
0011100010010101
0011100100110101
0011100100100101
0011011100000111
0011011101100111
0011100000011100
0011011111111000
0011100100001101
0011100100101101
0011100100110101
0011100100111101
0011100100001101
0011100100101101
0011100100111101
0011100100111101
0011100100110101
0011100100101101
0011100100101101
0011100100110101
0011100101010101
0011100101010101
0011100101000101
0011100100110101
0011100100110101
0011100100110101
0011100100101101
0011100100101101
0011100100101101
0011100101000101
0011100101001101
0011100101001101
0011100101000101
0011100100111101
0011100100111101
0011100100110101
0011100100101101
0011100100101101
0011100100101101
0011100100101101
0011100100101101
0011100100101101
0011100100101101
0011100100101101
0011100100100101
0011100100100101
0011100100101101
0011100100110101
0011100100101101
0011100100100101
0011100100011101
0010101110001000
0010110111000110
0010111100000111
0010110000000100
0010101100000111
0010110111000110
0011000110100110
0011000101100101
0010011000000110
0010100010000101
0010100110000110
0010110101000101
0010110010000101
0011001111101000
0011100101000101
0011100101000101
0011100100111101
0011100001100100
0011100000110100
0011010111100110
0011011010010111
0011100100111101
0011100100110101
0011100010001101
0011100010001101
0011100000110100
0011100101110101
0011100101101101
0011100101011101
0011100101001101
0011100101011101
0011100101011101
0011100101001101
0011100101011101
0011100101100101
0011100101011101
0011100101100101
0011100101100101
0011100101011101
0011100101010101
0011100101001101
0011100101100101
0011100110011110
0011100110110110
0011100110011110
0011100110011110
0011100110011110
0011100110000110
0011100101100101
0011100101001101
0011100101000101
0011100100111101
0011100100111101
0011100100111101
0011100100111101
0011100100111101
0011100100111101
0011100100110101
0011100100110101
0011100100110101
0011100100110101
0011100101001101
0011100101001101
0011100100110101
0010100100000101
0010100000000100
0010010100000101
0010100000000100
0010100010000101
0010111010000111
0010111111001000
0011000011000101
0010100110000110
0010101010000111
0010100000000100
0010110010000101
0011010110000110
0011001100100111
0011100100010101
0011100101001101
0011100101011101
0011100011001101
0011100001011100
0011011011000111
0011010101100101
0011011111111000
0011011101110111
0011011101010111
0011100000111100
0011100011000101
0011100010101101
0011100100101101
0011100101101101
0011100101100101
0011100101100101
0011100101011101
0011100101010101
0011100101011101
0011100101100101
0011100101100101
0011100101011101
0011100101100101
0011100101100101
0011100101111101
0011100110000110
0011100110000110
0011100110001110
0011100101110101
0011100101100101
0011100101110101
0011100101110101
0011100101100101
0011100101010101
0011100101001101
0011100101001101
0011100101010101
0011100101010101
0011100101001101
0011100101000101
0011100101001101
0011100101001101
0011100101001101
0011100101000101
0011100101000101
0011100100111101
0011100101000101
0011100101000101
0011100100111101
0010100000000100
0010011000000110
0010011100000111
0010011100000111
0010101010000111
0010110001000100
0010110110000110
0010111100000111
0011001111001000
0010111000000110
0010101010000111
0010110010000101
0011010010000101
0011010001010100
0011100000100100
0011100001001100
0011100101100101
0011100101001101
0011100011101101
0011100001011100
0011010011110101
0011011111111000
0011011010000111
0011011101110111
0011011110111000
0011100100011101
0011100000011100
0011100001111100
0011100101100101
0011100101100101
0011100101011101
0011100101011101
0011100101011101
0011100101011101
0011100101011101
0011100101100101
0011100101100101
0011100101100101
0011100101011101
0011100101100101
0011100101100101
0011100101011101
0011100101011101
0011100101010101
0011100101010101
0011100101010101
0011100101010101
0011100101010101
0011100101010101
0011100101010101
0011100101010101
0011100101010101
0011100101010101
0011100101010101
0011100101010101
0011100101011101
0011100101010101
0011100101010101
0011100101010101
0011100101001101
0011100101001101
0011100101001101
0011100101001101
0011100101001101
0010101000000110
0010011000000110
0010100110000110
0010011000000110
0010010000000100
0010001000000110
0010100010000101
0011001100100111
0011011100110111
0011000001000100
0010101110001000
0010110001000100
0011010101000101
0011100101110101
0011100100110101
0011100000100100
0011100101011101
0011100001111100
0011100010110101
0011100000001100
0011011001110110
0011100000110100
0011011111101000
0011100011010101
0011100100011101
0011100110000110
0011011101110111
0011011111111000
0011100101101101
0011100101100101
0011100101100101
0011100101100101
0011100101100101
0011100101100101
0011100101100101
0011100101100101
0011100101100101
0011100101100101
0011100101100101
0011100101100101
0011100101100101
0011100101100101
0011100101100101
0011100101100101
0011100101100101
0011100101100101
0011100101100101
0011100101100101
0011100101011101
0011100101100101
0011100101100101
0011100101100101
0011100101100101
0011100101100101
0011100101011101
0011100101011101
0011100101011101
0011100101011101
0011100101011101
0011100101011101
0011100101011101
0011100101011101
0011100101010101
0011100101010101
0010111100000111
0010011100000111
0010100110000110
0010010100000101
0010010000000100
0010010000000100
0010100000000100
0011011010000111
0011010110000110
0011000101100101
0011000001000100
0011001001000110
0011000011000101
0011100101110101
0011100101111101
0011100101011101
0011100010011101
0011010100000101
0011010110100110
0011010010010101
0011010011010101
0011011011110111
0011010011110101
0011011011110111
0011100010000101
0011100010011101
0011010010010101
0011011001010110
0011100100111101
0011100101110101
0011100101101101
0011100101101101
0011100101101101
0011100101101101
0011100101101101
0011100101101101
0011100101101101
0011100101101101
0011100101101101
0011100101101101
0011100101101101
0011100101101101
0011100101101101
0011100101101101
0011100101101101
0011100101101101
0011100101101101
0011100101101101
0011100101101101
0011100101101101
0011100101101101
0011100101101101
0011100101101101
0011100101101101
0011100101101101
0011100101101101
0011100101101101
0011100101101101
0011100101101101
0011100101101101
0011100101100101
0011100101100101
0011100101100101
0011100101100101
0010101000000110
0010110000000100
0010100100000101
0010010100000101
0010011000000110
0010001000000110
0010011000000110
0010111011000111
0011000011100101
0011100010101101
0011100001110100
0011011000000110
0011010101110101
0011100110001110
0011100101101101
0011100000100100
0011100010010101
0011011000110110
0011010000000100
0011001100000111
0011010011000101
0011010111100110
0011011010000111
0011010110110110
0011010101010101
0011011000100110
0011011011010111
0011011001010110
0011100010000101
0011100101111101
0011100101111101
0011100101111101
0011100101111101
0011100101111101
0011100101111101
0011100101111101
0011100101111101
0011100101111101
0011100101111101
0011100101111101
0011100101111101
0011100101111101
0011100101111101
0011100101111101
0011100101111101
0011100101111101
0011100101111101
0011100101111101
0011100101111101
0011100101111101
0011100101111101
0011100101111101
0011100101111101
0011100101111101
0011100101111101
0011100101111101
0011100101111101
0011100101111101
0011100101111101
0011100101111101
0011100101110101
0011100101110101
0011100101110101
0011100101101101
0010011000000110
0010011100000111
0010110001000100
0010100000000100
0010010100000101
0010001000000110
0010010000000100
0010011100000111
0011000010000101
0011010100010101
0011100000101100
0011100101110101
0011100100111101
0011100110010110
0011100110011110
0011100100110101
0011100001000100
0011010100110101
0011001011000111
0011001010000111
0011010101100101
0011010001100100
0011010011000101
0011010101000101
0011010010110101
0011010100010101
0011010111100110
0011011011100111
0011100110000110
0011100110000110
0011100110000110
0011100110000110
0011100110000110
0011100110000110
0011100110000110
0011100110000110
0011100110000110
0011100110000110
0011100110000110
0011100110000110
0011100110000110
0011100110000110
0011100110000110
0011100110000110
0011100110000110
0011100110000110
0011100110000110
0011100110000110
0011100110001110
0011100110000110
0011100110001110
0011100110000110
0011100110000110
0011100110000110
0011100110000110
0011100110000110
0011100110000110
0011100110000110
0011100110000110
0011100110000110
0011100110000110
0011100101111101
0011100101111101
0011100101111101
0010100000000100
0011010011010101
0011010000110100
0010110010000101
0010011000000110
0010001000000110
0010001000000110
0010011000000110
0010100000000100
0011001100100111
0011100011001101
0011100111001110
0011100111000110
0011100111000110
0011100111001110
0011100110111110
0011100001000100
0011010000110100
0011001111001000
0011001001100110
0011001100100111
0011010101110101
0011010011100101
0011011010010111
0011011101000111
0011011011100111
0011011011000111
0011011110101000
0011100110010110
0011100110010110
0011100110010110
0011100110010110
0011100110010110
0011100110010110
0011100110001110
0011100110010110
0011100110010110
0011100110010110
0011100110010110
0011100110010110
0011100101101101
0011100110010110
0011100110010110
0011100110010110
0011100110010110
0011100110010110
0011100110010110
0011100110010110
0011100110010110
0011100110010110
0011100110010110
0011100110010110
0011100110010110
0011100110010110
0011100110010110
0011100110010110
0011100110010110
0011100110010110
0011100110010110
0011100110010110
0011100110001110
0011100110001110
0011100110001110
0011100110000110
0010101010000111
0011001000100110
0011011110111000
0011000101000101
0010010000000100
0010011000000110
0010011000000110
0010100000000100
0010100010000101
0010111101000111
0011100110010110
0011100111111110
0011100111111110
0011100111111110
0011100111110110
0011100111011110
0011100011100101
0011011110001000
0011010000000100
0011000001100100
0011000001100100
0011001110101000
0011010110110110
0011010010000101
0011010100110101
0011010100010101
0011011010000111
0011011101110111
0011100110011110
0011100110011110
0011100110100110
0011100110100110
0011100110011110
0011100110011110
0011100110011110
0011100110011110
0011100110011110
0011100110011110
0011100110001110
0011100101111101
0011100101001101
0011100101101101
0011100110011110
0011100110100110
0011100110100110
0011100110100110
0011100110101110
0011100110010110
0011100110100110
0011100110100110
0011100110100110
0011100110100110
0011100110100110
0011100110100110
0011100110011110
0011100110011110
0011100110011110
0011100110100110
0011100110011110
0011100110011110
0011100110100110
0011100110011110
0011100110010110
0011100110010110
0010010000000100
0010101100000111
0011001101100111
0010110101000101
0010101000000110
0010010100000101
0010011000000110
0010010100000101
0010010100000101
0010110101000101
0011011001010110
0011100110110110
0011100110111110
0011100110111110
0011100101110101
0011100110010110
0011100110000110
0011011101010111
0011001000100110
0011000100100101
0011000111000110
0011010011100101
0011011000110110
0011011000010110
0011011010000111
0011010010110101
0011011001100110
0011011110011000
0011100110110110
0011100110110110
0011100110101110
0011100110101110
0011100110101110
0011100110101110
0011100110110110
0011100110110110
0011100110110110
0011100110110110
0011100100000101
0011100100100101
0011100010101101
0011100011111101
0011100110110110
0011100111000110
0011100111000110
0011100111000110
0011100111000110
0011100110001110
0011100111010110
0011100111010110
0011100111011110
0011100111010110
0011100111010110
0011100111010110
0011100111000110
0011100110111110
0011100110101110
0011100110101110
0011100110101110
0011100110101110
0011100110101110
0011100110100110
0011100110011110
0011100110011110
0010011100000111
0010111000000110
0011011010010111
0011010111110110
0011001000100110
0010100010000101
0010101110001000
0010101000000110
0010010000000100
0010110001000100
0011011011000111
0011100001111100
0011100101011101
0011100110011110
0011100110101110
0011100011111101
0011100101010101
0011100000100100
0011010001000100
0011001000100110
0011001001000110
0011001100100111
0011010110110110
0011010101110101
0011010001100100
0011010001100100
0011100000010100
0011100000000100
0011100101010101
0011100101110101
0011100111100110
0011100111100110
0011100111100110
0011100111101110
0011100111110110
0011100111101110
0011100111111110
0011100111111110
0011011100100111
0011011110001000
0011011110001000
0011100011100101
0011100011100101
0011100111110110
0011100111111110
0011100111111110
0011100111111110
0011100101100101
0011100111101110
0011100111101110
0011100100000101
0011100100110101
0011100100111101
0011100110000110
0011100111001110
0011100111001110
0011100110111110
0011100110110110
0011100110110110
0011100110110110
0011100110110110
0011100110101110
0011100110101110
0011100110100110
0010110000000100
0011010111010110
0011001101000111
0011011100000111
0011000111100110
0010011100000111
0010011100000111
0010110111000110
0010101100000111
0010110101000101
0011100101100101
0011100110110110
0011100100101101
0011100101011101
0011100110111110
0011100110111110
0011100001100100
0011010011000101
0011000101000101
0010111001000110
0011000001100100
0011001000000110
0011010001110100
0011010001100100
0011010010000101
0011010110010110
0011100000001100
0011010110100110
0011010011000101
0011010101100101
0011100010100101
0011100111000110
0011100111110110
0011100111111110
0011100111010110
0011100010111101
0011100011101101
0011100101110101
0011010110100110
0011100010101101
0011100101011101
0011100000110100
0011011100010111
0011101000000110
0011101000000110
0011100111111110
0011100110001110
0011100101010101
0011100111100110
0011100111111110
0011100011011101
0011100001000100
0011100000001100
0011100011100101
0011100011101101
0011100111001110
0011100111000110
0011100110111110
0011100110111110
0011100110111110
0011100110110110
0011100110110110
0011100110101110
0011100110101110
0011000010100101
0011100100000101
0011100101100101
0011100101001101
0011011110101000
0010100010000101
0010011100000111
0010111101000111
0011000010100101
0011001000000110
0011100011001101
0011100100001101
0011100100001101
0011100001010100
0011100100110101
0011100100011101
0011100000111100
0011001110101000
0011010011100101
0010111111001000
0011001001100110
0011010001010100
0011001001100110
0011001100100111
0011010101110101
0011011110111000
0011011110101000
0011011011010111
0011010111100110
0011010111010110
0011011100000111
0011100010001101
0011100100100101
0011100100110101
0011010111110110
0011001011100111
0011001110001000
0011010010000101
0011001011100111
0011010000000100
0011011101010111
0011011101100111
0011011011000111
0011100111110110
0011101000000110
0011101000000110
0011100100000101
0011100110000110
0011100100100101
0011100100101101
0011011010110111
0011010010100101
0011010011110101
0011011001110110
0011011111001000
0011100101101101
0011100110111110
0011100110111110
0011100110111110
0011100110111110
0011100110111110
0011100110111110
0011100110110110
0011100101110101
0011010110110110
0011100110001110
0011100110111110
0011100110111110
0011100000101100
0010111000000110
0011000000100100
0011011011110111
0011011111111000
0011011010110111
0011100010000101
0011100001011100
0011100001101100
0011011110101000
0011011110111000
0011100001011100
0011100000000100
0011010010110101
0011001101100111
0011000001100100
0011000001000100
0011001001100110
0011001111101000
0011010000000100
0011010010110101
0011011001010110
0011100000101100
0011011010100111
0011010111100110
0011010101000101
0011100010011101
0011100010111101
0011100001100100
0011011111101000
0011010000100100
0011000110100110
0011000011100101
0011000111100110
0011000101100101
0011000111000110
0011001100100111
0011001011000111
0011001000000110
0011011111111000
0011100110011110
0011100100110101
0011011111111000
0011100000101100
0011011110111000
0011010110110110
0011001101000111
0011001010100111
0011001000100110
0011001011100111
0011010000010100
0011011000010110
0011100100001101
0011100010000101
0011100010110101
0011100101100101
0011100111001110
0011100111000110
0011100101011101
0011100100101101
0011011111101000
0011100010101101
0011100110001110
0011100111000110
0011100110000110
0011011001010110
0011100000110100
0011100001010100
0011100001001100
0011100000101100
0011011111011000
0011011011100111
0011011011110111
0011011010110111
0011010100010101
0011010010100101
0011010111110110
0011010000110100
0011000111000110
0011000100000101
0011000010000101
0011000110000110
0011001101100111
0011010100100101
0011100000011100
0011100000010100
0011100000001100
0011011011100111
0011010100100101
0011010011100101
0011011011000111
0011011111101000
0011011101000111
0011010000110100
0011000110000110
0011000000000100
0011001000100110
0011001010000111
0011000100000101
0011000000000100
0011000110000110
0011000101000101
0011000110100110
0011001111101000
0011100100010101
0011100000001100
0011010000100100
0011010011110101
0011010010000101
0011010100000101
0011010011000101
0011001011000111
0011001101000111
0011001001000110
0011001100000111
0011001100000111
0011010001100100
0011011101100111
0011100000011100
0011100000100100
0011100110110110
0011100110111110
0011100101101101
0011100100101101
0011011000010110
0011100000101100
0011011110011000
0011100100000101
0011100011100101
0011010101010101
0011010101110101
0011010110010110
0011010101110101
0011010110100110
0011010100110101
0011010101100101
0011010100100101
0011010100010101
0011010000100100
0011010000100100
0011010010000101
0011001000000110
0010111111001000
0011000101000101
0011000001100100
0011000110100110
0011011001000110
0011010101110101
0011010100000101
0011010000010100
0011100011000101
0011011011000111
0011010110100110
0011010100000101
0011010000000100
0011001101100111
0011001001100110
0011000100100101
0010111111001000
0010111111001000
0010111111001000
0011000001000100
0010110111000110
0010111011000111
0011001000000110
0011001101100111
0011000101100101
0011000110100110
0011011000010110
0011011111001000
0011011100010111
0011010111110110
0011010011100101
0011001010100111
0011001011100111
0011010000100100
0011001110101000
0011001110101000
0011001100100111
0011000111000110
0011001001000110
0011011000110110
0011100000000100
0011011111111000
0011100100001101
0011100111001110
0011100111000110
0011100100010101
0011011000000110
0011010100110101
0011010110100110
0011011001100110
0011011111111000
0011011001100110
0011010010000101
0011010011110101
0011010111010110
0011011001110110
0011011001010110
0011010011000101
0011010101000101
0011011000000110
0011010111010110
0011010010000101
0011010001100100
0011010100110101
0011001000000110
0011000001100100
0011001001100110
0011001111101000
0011011001000110
0011011010010111
0011100000001100
0011011101010111
0011100001111100
0011011010100111
0011010110100110
0011011001100110
0011010001000100
0011011000000110
0011010011010101
0011000111000110
0011000100000101
0011000011100101
0011000100100101
0010111110001000
0011000111100110
0011001010100111
0011001110001000
0011001010100111
0011001010000111
0011000100100101
0011011000110110
0011011101010111
0011011000010110
0011010101000101
0011010000110100
0011001111101000
0011001001000110
0011001100100111
0011001110001000
0011001010100111
0011000110100110
0011000110100110
0011000000100100
0011001111101000
0011011001110110
0011010110110110
0011011111001000
0011100011100101
0011100000111100
0011011101100111
0011010001100100
0011001101100111
0011001111001000
0011010001110100
0011010111110110
0011010101010101
0011010111100110
0011010110010110
0011011000100110
0011011010100111
0011010110110110
0011010111010110
0011011000010110
0011011000010110
0011010100010101
0011010101100101
0011010110010110
0011010110010110
0011010000000100
0011001110001000
0011001111001000
0011010111000110
0011011101100111
0011011000010110
0011010110100110
0011010110110110
0011011100010111
0011011101000111
0011011001100110
0011010111010110
0011010011110101
0011011011100111
0011010101000101
0011000011100101
0011001001100110
0011001000100110
0011001001000110
0011000110000110
0011001011100111
0011001111101000
0011001001000110
0011001111101000
0011001110101000
0011001011000111
0011001111001000
0011011010000111
0011010101100101
0011001010000111
0011001011000111
0011000101000101
0011001100000111
0011000110100110
0011001011000111
0011001001000110
0011000101100101
0011000100000101
0011001000100110
0011010010010101
0011010111000110
0011010011110101
0011010001010100
0011010000100100
0011010010100101
0011010100100101
0011001101100111
0011001101000111
0011010001000100
0011010001010100
0011010000010100
0011001011100111
0011011000110110
0011011011110111
0011011011100111
0011011100100111
0011011011010111
0011011010010111
0011011010010111
0011011000110110
0011010111100110
0011010111110110
0011011000100110
0011011001000110
0011010010010101
0011001000100110
0011010010010101
0011011001010110
0011100010010101
0011011110111000
0011100000111100
0011100000101100
0011100001010100
0011100000110100
0011010110000110
0011010110110110
0011010001110100
0011010110110110
0011010010000101
0011000110100110
0011001001100110
0011000100100101
0011000111000110
0011000000000100
0011000101000101
0011001110001000
0011001010100111
0011001000100110
0011001001100110
0011010000010100
0011001111001000
0011010110100110
0011001010000111
0011001010000111
0011000110100110
0011001000100110
0011001001100110
0011000110000110
0011001100100111
0011001010000111
0011001101100111
0011001101000111
0011010000000100
0011001101100111
0011010000100100
0011010000100100
0011010000010100
0011010000010100
0011001011100111
0011001100100111
0011001010000111
0011001100000111
0011001110101000
0011001110101000
0011001001000110
0011001001000110
0011010011000101
0011011000010110
0011011010010111
0011011001010110
0011010111010110
0011011000000110
0011011001010110
0011011000010110
0011010111010110
0011010110110110
0011010110010110
0011011000010110
0011010101010101
0011001011000111
0011011100000111
0011011101100111
0011100010001101
0011100001010100
0011100000110100
0011100001100100
0011100001000100
0011100001010100
0011011001100110
0011011011000111
0011010110000110
0011010000000100
0011001100100111
0011000111100110
0010111111001000
0010110101000101
0011000111100110
0011000011000101
0011001010100111
0011000110000110
0011000010100101
0010111000000110
0011001000100110
0011001011000111
0011001100100111
0011010001100100
0011001001100110
0011000111100110
0011000010100101
0011000010100101
0011000110100110
0011001100000111
0011001100100111
0011001111101000
0011001101000111
0011000111100110
0011001001100110
0011000111000110
0011010100000101
0011010010100101
0011010001000100
0011001011000111
0011001110001000
0011010001000100
0011001101000111
0011001111101000
0011000011100101
0011001000100110
0011000111100110
0011000000000100
0011001111101000
0011011100010111
0011011000010110
0011011101110111
0011010111110110
0011011000100110
0011011100000111
0011011011000111
0011010110100110
0011010100110101
0011011010100111
0011011001100110
0011011010100111
0011011000000110
0011011010100111
0011011011000111
0011100010001101
0011100000001100
0011010101000101
0011010110110110
0011100001100100
0011100001001100
0011010110010110
0011011000000110
0011010000010100
0011001011100111
0011000110000110
0011000111000110
0011000101100101
0011000100100101
0011000100100101
0011000001000100
0011000000100100
0011000100000101
0010111011000111
0010110011000101
0010111100000111
0011000000100100
0011010001110100
0011010000000100
0011001001000110
0011000011000101
0010111000000110
0011000010000101
0011000110100110
0011000010000101
0011000010100101
0011001000000110
0011001010100111
0011001000000110
0011001010100111
0011001000000110
0011001000000110
0011001010100111
0011000110100110
0011000001000100
0011000101100101
0011000110000110
0011000101100101
0011000110100110
0011000000000100
0011000001000100
0011010000010100
0011001000000110
0011010001100100
0011011011110111
0011010101110101
0011011110101000
0011010101010101
0011010110000110
0011010111010110
0011011110101000
0011010111100110
0011011000110110
0011100000100100
0011011111011000
0011011100000111
0011011001110110
0011011011010111
0011011101000111
0011100001111100
0011011011100111
0011001101000111
0011010101110101
0011100010001101
0011011110001000
0011010010100101
0011010111010110
0011010001110100
0011001001000110
0011001101100111
0011001000100110
0010111100000111
0011000000100100
0010110111000110
0010110001000100
0011000110000110
0011000100100101
0011000011000101
0011000111000110
0010111100000111
0011000010000101
0011010100110101
0011001110101000
0011000111100110
0011001001000110
0011001000000110
0010111101000111
0010110010000101
0010111001000110
0010111010000111
0010111011000111
0010111110001000
0011001010100111
0010111111001000
0011000100000101
0011001011100111
0011001111001000
0011010100100101
0010111101000111
0011000100100101
0011000101000101
0011000110000110
0011000100000101
0011001001000110
0011001001000110
0011001001000110
0011000000100100
0011010001100100
0011011010110111
0011011010110111
0011011000100110
0011010000110100
0011010111110110
0011010011000101
0011011100000111
0011010111100110
0011011000110110
0011011100000111
0011011101110111
0011011100100111
0011011001000110
0011011000100110
0011011100110111
0011100001001100
0011011010100111
0011010010000101
0011011000110110
0011100000010100
0011001111101000
0011000100000101
0011010100000101
0011010101010101
0011010111000110
0011010111110110
0011011110001000
0011100000101100
0011100101110101
0011011011010111
0011010100100101
0010111010000111
0010101010000111
0010110010000101
0010110100000101
0010111011000111
0011001110101000
0011010101000101
0011010010110101
0011010110100110
0011001101000111
0011000000100100
0010111010000111
0010110010000101
0011000010000101
0011000010000101
0011000101100101
0011000111100110
0011001101000111
0011001000000110
0011000101100101
0011001111001000
0011010100100101
0011100010001101
0011001111001000
0011010001010100
0011001111001000
0011011010110111
0011011010010111
0011011011000111
0011011010000111
0011011011010111
0011011010100111
0011011011010111
0011011010110111
0011011011110111
0011011011100111
0011011011010111
0011011100110111
0011011101000111
0011011011110111
0011011011000111
0011011100110111
0011011100100111
0011011101100111
0011011011000111
0011011010110111
0011011010110111
0011011101010111
0011011110011000
0011011110111000
0011011101000111
0011011110001000
0011011101110111
0011011011110111
0011011011010111
0011011101110111
0011100100101101
0011101001111110
0011101110010000
0011101111010000
0011101111010000
0011101111010000
0011100000011100
0011011101010111
0011011100100111
0011011100010111
0011011101100111
0011011101010111
0011011100100111
0011011101000111
0011011101010111
0011011110001000
0011011110011000
0011011101110111
0011011101010111
0011011101010111
0011011100110111
0011011100100111
0011011100100111
0011011100110111
0011011100100111
0011011101010111
0011011101000111
0011011100000111
0011011100000111
0011011100110111
0011011100100111
0011011011110111
0011011011100111
0011011011000111
0011011010000111
0011011010100111
0011011010110111
0011011010010111
0011011010100111
0011011010010111
0011011001110110
0011011001010110
0011011001000110
0011011001100110
0011011001000110
0011011010100111
0011011001110110
0011011010000111
0011011001110110
0011011010000111
0011011010010111
0011011001010110
0011010111100110
0011010111110110
0011011001110110
0011011010010111
0011011010110111
0011011010010111
0011011010110111
0011011011010111
0011011011010111
0011011010110111
0011011011010111
0011101010101111
0011101110110000
0011101101001111
0011101000110110
0011101110100000
0011101110111000
0011101110111000
0011101010000111
0011011110111000
0011011111101000
0011011110011000
0011011010100111
0011011010110111
0011011011000111
0011011011000111
0011011011010111
0011011011010111
0011011011000111
0011011011100111
0011011011110111
0011011011100111
0011011010110111
0011011011100111
0011011011110111
0011011100000111
0011011100000111
0011011100000111
0011011100000111
0011011011110111
0011011011010111
0011011011000111
0011011001110110
0011011010000111
0011011001110110
0011011001110110
0011000010100101
0011001000100110
0011001000100110
0011001000000110
0011001000000110
0011001010000111
0011001010100111
0011001001100110
0011001001000110
0011001010000111
0011001110101000
0011001110001000
0011001101000111
0011001110101000
0011001111001000
0011010001100100
0011010100100101
0011011000110110
0011010110100110
0011011001010110
0011011010100111
0011011010110111
0011011010110111
0011011010110111
0011011010110111
0011011010100111
0011011010100111
0011011011000111
0011100001110100
0011101110100000
0011101110011000
0011100111101110
0011100101111101
0011101011101111
0011101110111000
0011101110110000
0011101001001110
0011011000100110
0011010111010110
0011011101100111
0011011011010111
0011011011100111
0011011011000111
0011011010110111
0011011010010111
0011011011000111
0011011100100111
0011011100010111
0011011100010111
0011011011100111
0011011100010111
0011011011110111
0011011100010111
0011011011000111
0011011011100111
0011011011110111
0011011100110111
0011011101010111
0011011011010111
0011011100100111
0011011100100111
0011011010000111
0011011011000111
0011011011110111
0011000001000100
0011000000100100
0010111101000111
0010111101000111
0011000010000101
0011000001000100
0010111110001000
0010111000000110
0010110100000101
0010110101000101
0010110110000110
0010111000000110
0010111010000111
0010111011000111
0010111000000110
0011000000100100
0011001101100111
0011010111000110
0011010101010101
0011011001110110
0011011011100111
0011011010010111
0011011011000111
0011011011010111
0011011011010111
0011011011000111
0011011011010111
0011011011100111
0011100110101110
0011101110111000
0011101111000000
0011101110110000
0011101100111111
0011100110001110
0011101000000110
0011100101110101
0011100000110100
0011010111000110
0011010000110100
0011010101000101
0011010100100101
0011010101000101
0011010100010101
0011010101000101
0011010101010101
0011010101000101
0011010101110101
0011010110100110
0011010111100110
0011011000110110
0011011010000111
0011011010100111
0011011011010111
0011011010110111
0011011011010111
0011011011110111
0011011100000111
0011011011000111
0011011010010111
0011011010010111
0011011010100111
0011011010010111
0011011011000111
0011011011000111
0010110011000101
0010110100000101
0010110010000101
0010101110001000
0010110001000100
0010110011000101
0010110101000101
0010110011000101
0010110010000101
0010110010000101
0010110100000101
0010111000000110
0010111000000110
0010111100000111
0011000011000101
0011000111100110
0011001101100111
0011010111110110
0011010110000110
0011011101010111
0011011110011000
0011011110001000
0011011101010111
0011011011100111
0011011001100110
0011011010100111
0011011001000110
0011010111000110
0011011011010111
0011011001110110
0011010100010101
0011001011100111
0011000101100101
0011000011000101
0011000000100100
0011000000000100
0011000010100101
0011000101000101
0011000001000100
0010111011000111
0010111101000111
0011000001000100
0010110111000110
0010110101000101
0011000011000101
0011000000000100
0011000011000101
0010111011000111
0010110010000101
0010110100000101
0010110101000101
0010110111000110
0010111101000111
0011000011100101
0011001000100110
0011001110001000
0011010010010101
0011010101110101
0011011000110110
0011011011000111
0011011100000111
0011011100000111
0011011010110111
0011011010100111
0010110101000101
0010111000000110
0010111010000111
0011000010000101
0011000111000110
0011001101000111
0011001010100111
0011001101000111
0011010000110100
0011010010100101
0011010011000101
0011010101110101
0011011000000110
0011011000000110
0011010110110110
0011010101010101
0011010100100101
0011010011110101
0011010001010100
0011001011100111
0011000100000101
0011000100100101
0011001000100110
0011001010000111
0011001001000110
0011001001100110
0011000111000110
0011000001100100
0011000010100101
0010111110001000
0011000010000101
0011000100100101
0011000100100101
0011000110000110
0011000111100110
0011000100000101
0011000001100100
0011001101100111
0011001111001000
0011001111101000
0011010001010100
0011010010100101
0011010001010100
0011010001000100
0011010001010100
0011011001010110
0011011100110111
0011011011100111
0011011011100111
0011011011110111
0011011100100111
0011011100110111
0011011100000111
0011011010000111
0011010111100110
0011010011000101
0011001010000111
0010111110001000
0010111111001000
0011000010000101
0011001011100111
0011010100110101
0011011001110110
0011011010010111
0011010101000101
0011011001000110
0011011001110110
0011010110010110
0011010101000101
0011010011000101
0011010001010100
0011001101100111
0011000111100110
0011000101100101
0011000101000101
0011000100100101
0011000100000101
0011000011000101
0011000011100101
0011000100100101
0011000011000101
0011000100100101
0011000110100110
0011001001100110
0011001101100111
0011010000100100
0011010010110101
0011010111010110
0011011000010110
0011011011100111
0011011100100111
0011011011110111
0011011110101000
0011011110001000
0011100000000100
0011100000010100
0011011111011000
0011100000011100
0011011111101000
0011010000010100
0011010111100110
0011011011010111
0011100001000100
0011100011000101
0011100101101101
0011101000101110
0011101011001111
0011100101011101
0011010110100110
0011010101110101
0011010101100101
0011010110100110
0011010101110101
0011010010010101
0011010011100101
0011010011000101
0011101001011110
0011101011011111
0011101101100111
0011101101010111
0011101101010111
0011101011001111
0011100011100101
0011001010000111
0010111001000110
0010111000000110
0011001110001000
0011010011110101
0011010101110101
0011010101010101
0011010110010110
0011010100110101
0011010001100100
0011001000000110
0011001000000110
0011001000100110
0011001010100111
0011010000100100
0011001110001000
0011001001000110
0011000100100101
0011000011100101
0011000100000101
0011000000000100
0001110000000100
0010011100000111
0010100010000101
0010101000000110
0010100010000101
0010100110000110
0010000000000100
0011010001100100
0011011110111000
0011011101010111
0011011111111000
0011011101000111
0011100000010100
0011100000010100
0011100001001100
0011011111101000
0011011011010111
0011011101000111
0011010100000101
0011010101110101
0011100010010101
0011100110010110
0011101010100111
0011101011010111
0011101010111111
0011101011100111
0011101100100111
0011100000101100
0010001000000110
0010100110000110
0010101110001000
0011000000000100
0010100100000101
0010110011000101
0010101100000111
0010001000000110
0011100110111110
0011100101111101
0011101011001111
0011101001110110
0011101010001111
0011101010010111
0011101101000111
0011100110110110
0010111001000110
0010110101000101
0011000110100110
0011001101100111
0011010110110110
0011010111100110
0011010110010110
0011010111010110
0011010111110110
0011010110000110
0011010100000101
0011010011000101
0011010001010100
0011001110101000
0011001011100111
0011001010000111
0011001100000111
0011001101000111
0011001101100111
0011000011000101
0010000000000100
0010011100000111
0010110111000110
0010111001000110
0010111111001000
0010110001000100
0010100000000100
0011000111000110
0011010000000100
0011011000000110
0011100000011100
0011011101000111
0011011001100110
0011011001110110
0011011010010111
0011011110011000
0011100000111100
0011010110000110
0011011000110110
0011100111010110
0011101011011111
0011101101100111
0011100000110100
0011011100100111
0011100001000100
0011011101000111
0011011111111000
0011100001000100
0010100110000110
0011000011100101
0010110100000101
0011001010100111
0011000110000110
0010101110001000
0011000100100101
0010110010000101
0011100110101110
0011101011100111
0011101101000111
0011101100100111
0011101010100111
0011101000101110
0011101100010111
0011011111111000
0010110010000101
0011000000000100
0011010011000101
0011011000100110
0011011101000111
0011011110101000
0011011111011000
0011011111001000
0011011111001000
0011011110111000
0011011111001000
0011011110011000
0011011110011000
0011011100010111
0011011101000111
0011011101000111
0011011001000110
0011010111100110
0011010100000101
0011001110101000
0010110001000100
0010100110000110
0010111110001000
0010111111001000
0010111001000110
0010110110000110
0010011100000111
0011001101000111
0011010100110101
0011010001000100
0011010001110100
0011010001110100
0011010100010101
0011010011100101
0011010000010100
0011010101010101
0011011100100111
0011100001000100
0011101100010111
0011100111101110
0011100100110101
0011101010101111
0011101011111111
0011100000000100
0011101000010110
0011101010100111
0011011100100111
0011100000001100
0010110000000100
0011000001000100
0010110101000101
0011010000000100
0011011000000110
0010111101000111
0011000001100100
0010110111000110
0011100101010101
0011100110011110
0011100100000101
0011100110100110
0011101010000111
0011100010100101
0011010001010100
0011000011100101
0011010010100101
0011010111110110
0011010111010110
0011011000010110
0011100001001100
0011100000110100
0011100001011100
0011100001010100
0011100000111100
0011100001001100
0011100001000100
0011100000100100
0011100000011100
0011100000100100
0011100000101100
0011100000111100
0011100001001100
0011100001000100
0011100000010100
0011100000011100
0011010000100100
0011000010100101
0011010000000100
0011000010000101
0011000100000101
0011000000000100
0010100000000100
0011001011100111
0011010000100100
0011010000000100
0011001010100111
0011001101100111
0011010010000101
0011010001110100
0011010110110110
0011011110001000
0011100000110100
0011100011101101
0011101001111110
0011101011001111
0011101001110110
0011101100101111
0011101101101111
0011010111110110
0011101110001000
0011100001101100
0011100111111110
0011100001010100
0010100000000100
0011000001100100
0010101100000111
0011000011000101
0011001101000111
0010110000000100
0011001101100111
0010110000000100
0011100100101101
0011101011011111
0011100111010110
0011011111111000
0011010100000101
0011010000010100
0011011100100111
0011011111111000
0011011111101000
0011011100110111
0011011011010111
0011011011000111
0011100000010100
0011100001000100
0011100001010100
0011100001001100
0011100001011100
0011100001001100
0011100000000100
0011011111001000
0011011101000111
0011011100010111
0011011101000111
0011011100110111
0011011101000111
0011011101100111
0011011101000111
0011011100010111
0011011000010110
0010101100000111
0011001001000110
0011010100100101
0011010001100100
0010110001000100
0011001101100111
0011010111100110
0011010110000110
0011010011000101
0011010000010100
0011010000010100
0011010010110101
0011010000110100
0011001101100111
0011010000110100
0011010010010101
0011001111101000
0011001010100111
0011011010110111
0011100010011101
0011100011001101
0011100000011100
0011011000010110
0011100011101101
0011010001110100
0011100100011101
0011011010000111
0010111101000111
0010101110001000
0011001010100111
0010110100000101
0011001000100110
0011011000100110
0011010001000100
0011001000000110
0011010111000110
0011011001110110
0011011001000110
0011011101110111
0011011111101000
0011100000100100
0011100001000100
0011100001010100
0011100001010100
0011100001101100
0011100001100100
0011100000111100
0011100000101100
0011100000111100
0011100000100100
0011011100010111
0011001111001000
0010111101000111
0010111000000110
0010110111000110
0010110110000110
0010110110000110
0010110111000110
0010110101000101
0010110100000101
0010110100000101
0010110101000101
0010110110000110
0010110110000110
0010110010000101
0010100000000100
0010011000000110
0010011100000111
0010101000000110
0010110010000101
0010110011000101
0010110100000101
0010110100000101
0010110010000101
0010101110001000
0010101110001000
0010101110001000
0010101110001000
0010101100000111
0010100100000101
0010100110000110
0010100100000101
0010100100000101
0010100110000110
0010100110000110
0010100100000101
0010100100000101
0010100000000100
0010100000000100
0010100100000101
0010100010000101
0010110000000100
0010011000000110
0010111000000110
0011001110101000
0011010110110110
0011010000000100
0010110001000100
0010110000000100
0010110000000100
0010110010000101
0010110100000101
0010110111000110
0010111110001000
0011000001100100
0011000101000101
0011001001100110
0011001111001000
0011010100010101
0011011001110110
0011011111101000
0011100001111100
0011100001001100
0011100000010100
0011011100000111
0011011100010111
0011011100000111
0011011011100111
0011011100010111
0011011110011000
0011011110101000
0011011111101000
0011100000000100
0011011110111000
0011100000000100
0011100000111100
0011100001010100
0011100001011100
0011100000110100
0011011101110111
0011011110101000
0011011111011000
0011100000010100
0011100000011100
0011100000101100
0011100000111100
0011100001001100
0011100000101100
0011100000101100
0011100001100100
0011100010000101
0011100001111100
0011100001010100
0011100001010100
0011100001100100
0011100000101100
0011100001001100
0011100001001100
0011100010000101
0011100010011101
0011100010001101
0011100001001100
0011011111111000
0011011111011000
0011100000001100
0011100001100100
0011100001000100
0011011111101000
0011011100110111
0011011011000111
0011011100010111
0011011110011000
0011100000000100
0011011111001000
0011100000101100
0011100001011100
0011100010010101
0011100010010101
0011100001001100
0011100000100100
0011100000101100
0011100000010100
0011100000001100
0011100000010100
0011100001010100
0011100010001101
0011100010011101
0011100001101100
0011100000001100
0011011111101000
0011011111111000
0011100000111100
0011100001010100
0011100001010100
0011100000110100
0011100000110100
0011100001001100
0011100001100100
0011100001101100
0011100001011100
0011100000111100
0011100001000100
0011100001011100
0011100001010100
0011100001111100
0011100010000101
0011100010001101
0011100010010101
0011100010101101
0011100001111100
0011100001110100
0011100001101100
0011100001010100
0011100001011100
0011100010010101
0011100011010101
0011100011100101
0011100011101101
0011100011011101
0011100010100101
0011100010101101
0011100011001101
0011100011001101
0011100011010101
0011100011000101
0011100010100101
0011100010011101
0011100010010101
0011100010000101
0011100010001101
0011100010011101
0011100010010101
0011100010000101
0011100010010101
0011100010010101
0011100001101100
0011100001001100
0011100000110100
0011100000111100
0011100001001100
0011100000111100
0011100000101100
0011100001011100
0011100001111100
0011100010000101
0011100010000101
0011100001101100
0011100000100100
0011100000010100
0011100000111100
0011100000101100
0011100001101100
0011100001100100
0011100000111100
0011100001010100
0011100001110100
0011100010011101
0011100010100101
0011100010111101
0011100001010100
0011100001100100
0011100010010101
0011100011000101
0011100011110101
0011100011110101
0011100011110101
0011100010100101
0011100010011101
0011100010010101
0011100010000101
0011100001101100
0011100000011100
0011100001001100
0011100010000101
0011100011001101
0011100011010101
0011100011010101
0011100010111101
0011100010010101
0011100010011101
0011100010100101
0011100010000101
0011100010000101
0011100010000101
0011100010001101
0011100010011101
0011100010001101
0011100010000101
0011100001111100
0011100010010101
0011100010111101
0011100010111101
0011100010110101
0011100010001101
0011100010011101
0011100010100101
0011100010110101
0011100010000101
0011100010001101
0011100010010101
0011100010000101
0011100000111100
0011100001000100
0011100001000100
0011100001001100
0011100000101100
0011100000100100
0011100000110100
0011100001010100
0011100001001100
0011100001011100
0011100001100100
0011100001001100
0011100001000100
0011100000111100
0011100001010100
0011100001111100
0011100001101100
0011100001011100
0011100000101100
0011100000000100
0011100000100100
0011100000110100
0011100000111100
0011100001110100
0011100011010101
0011100011101101
0011100100010101
0011100011110101
0011100011000101
0011100010101101
0011100010111101
0011100001111100
0011100001100100
0011100001011100
0011100001010100
0011100001010100
0011100010110101
0011100010010101
0011100010100101
0011100010111101
0011100011011101
0011100010111101
0011100010111101
0011100100001101
0011100100101101
0011100100101101
0011100100011101
0011100100100101
0011100011001101
0011100010111101
0011100010110101
0011100010101101
0011100010011101
0011100010100101
0011100010110101
0011100011001101
0011100010100101
0011100001111100
0011100001110100
0011100010000101
0011100010110101
0011100010011101
0011100010011101
0011100010101101
0011100010110101
0011100001100100
0011100010000101
0011100010001101
0011100001111100
0011100000110100
0011100000101100
0011100001001100
0011100010000101
0011100001110100
0011100001011100
0011100001010100
